93354010
402619208
877550577
572464401
623028975
530432503
672214147
786941233
789571380
278026029
796174244
43530552
624206746
278419917
448477448
903279705
868191270
166594094
380233744
31322136
369636394
434631259
420494943
364974500
494448848
448103010
314794901
655178828
41100981
49242831
334053385
698649300
782986823
379084710
853600116
178704183
181849937
142272947
165913295
603220910
494333876
546199396
489652810
262948804
723316578
925874717
193080738
748067545
234747922
754050771
488250897
977764652
620974952
63537472
151294204
132122102
753210053
49680797
830940445
677435724
33193020
986828670
170035658
143893267
824428931
619128494
259858286
345108518
924706223
150828293
518065900
261651820
392646699
45400318
698935431
864623423
511477002
246178977
106186226
747008439
23389116
12636746
103696125
459088733
338007261
32217407
284735528
841038591
73211452
389030892
759761911
728665973
833112615
453489807
160241772
652389960
828777535
874109784
853788609
962323156
86980567
729525664
709843017
546757528
214804568
64662805
854484634
640345921
330180234
225320168
758330817
639048380
413483718
713753256
295183500
773382379
209328065
436206080
138694172
487009509
847760698
464950626
735496608
992661830
208285946
237111890
406805793
883745271
480630061
675468875
616001375
854211786
582744243
33707757
838248046
441980243
204506618
10819044
632258596
62257246
251819509
685954984
868438092
895734574
889454681
977752861
659750822
943175252
704883633
668242775
328062542
50138374
582656744
92893037
872219166
448896875
477431041
288729723
860008284
671109210
18137348
83715189
728356860
216369750
72667988
994904050
243083301
820795349
883567403
388523574
258318012
128380354
873256354
634926217
521041330
169885996
567376505
829990278
916464445
617925700
710188942
163977114
733668729
148288048
793163043
990531632
746955617
992130628
209304626
454049432
672188953
0
312551260
528168485
2858
608075910
638320983
538245791
42896425
930961366
61156327
34244815
568478550
803979594
128941632
933784346
658824641
346871221
982167855
282754127
643544789
701202471
158486319
673018789
686761808
418664014
739374177
842117105
671175429
911944752
852020083
925774726
214711595
774300674
359156904
243861952
922615503
654723224
10800465
816275951
467033457
175608285
792139605
563011926
652185091
898586724
858185264
895773021
891764329
68223495
522252531
66453188
556767900
956146095
647836525
414437853
332431366
753099254
140323963
516309522
52098098
473453251
566165624
355864506
805725152
613262634
776970867
614631638
117295361
618663637
391135393
419488172
398057318
866816376
232171011
605224942
876853688
373673068
878885324
147253144
633416867
40457493
781956138
596408074
923751699
107938317
630553617
22626912
779510504
357956858
357123633
364762008
718928040
533915106
436252143
577875349
671502061
694567375
168669107
162449232
556977186
471909063
516154288
88365021
409040706
332888662
436326382
549644501
895479098
225822815
659236214
781266726
806429050
52183776
61510742
334680390
282644209
844442255
83710104
562554481
346124212
263038761
338230255
824575476
603773078
867486116
821492204
959647311
215454774
38601246
609577491
535766433
206834687
275826464
965964616
920160736
462224379
22160099
108855487
734284129
912664502
187934485
86729074
812638210
507637772
89769096
476113836
986200154
209988181
726667393
400257504
308912438
711221486
541302545
940274285
944572605
242563272
687214228
956696920
196434495
717201598
284526526
420684029
943433715
506167623
678819864
53265638
855876083
455389670
84960645
288430331
4982148
236089606
192456205
136424342
635657973
949134522
423662705
159759689
445809618
729730021
757567873
400678339
191120237
813281835
286473701
436394491
556509578
415365349
717512229
844155364
818681365
953839265
601366394
175486886
32276528
8370264
923068670
91453627
661224577
272257790
868971543
351955422
138401142
610120421
864333983
247810867
870684390
626390565
12640777
888948659
252620669
701195138
722668819
8867352
232749605
497919798
957716092
292045967
616671240
368144677
12225443
59421363
683797619
261126390
521033810
461044245
526836375
486943060
950768895
519600434
570836614
850190983
135186838
544784554
94631255
662074819
869062806
769120201
467460768
690297869
139749566
597284362
501277118
51579767
105436633
938021607
721307968
596173687
612923142
137832082
16376101
503146413
864589503
500163358
838686354
795308762
350982212
495611557
771362307
969115384
979851182
335099267
707658418
553745180
44789943
584335103
277843469
709193298
945732114
541819553
526118053
199031950
488774234
285400755
407639704
259111407
944349777
429101914
346445503
933153470
391994740
192868385
985572200
508404455
739320383
513292036
991153623
184834751
306600472
991805198
729607512
574854185
923633749
874213177
299756336
207573960
455319419
546269320
841341138
170422854
664143820
598229580
257516065
84281354
810036106
794100878
816236987
912129320
660498722
624851437
399777415
307549460
792603041
654593114
156031971
687950478
429595437
904108487
50302861
720596898
301756706
600146953
88030561
594910902
192751641
351640758
872438923
86626922
709359488
983281301
444840777
183627369
226572633
837875508
578219495
861002116
954328653
332669582
700443581
687457170
919890089
300971115
918179029
184794418
5272447
298776386
517699271
769390438
91041128
432507113
99679152
383132226
444167406
480330613
831767812
800046071
620875635
503905773
686067116
698048274
203409757
126139532
317373670
523639850
517832812
958034840
286539110
21471535
261633058
697296552
209179147
44668750
676548734
535150001
502887986
542405774
971386117
195783512
680865170
279131002
246603403
46798876
177996629
273563229
765176292
834691901
221649703
220103748
516992941
139466054
106682666
99552482
448388991
171815800
933751740
549152827
756239775
930865717
699103990
640000147
405068423
171564199
940788424
968269272
837193676
505823102
876914469
551014406
968493521
408935613
826957650
188372736
578012764
263732087
434835763
321357122
925693761
300421127
232643581
709664475
497886276
314724642
213670056
554099702
808951255
597613904
266319354
714670936
271188287
336742395
82760286
178048686
214272202
932235315
742721702
280320673
393900970
669113273
395970166
842024669
499465151
502837870
980231568
986723158
69604108
704932177
578042274
593044336
337819726
665749228
151734250
914953203
542272328
388224963
710849587
24987518
861221106
664454988
380164083
696032063
200884880
922214076
618506691
950542997
773542847
127488902
964723414
626095158
355997892
27524489
97343301
226241572
844795322
334517295
347323570
366140606
793881119
940964072
947087665
678165959
899331157
46859568
172114755
501705860
232582976
196613609
994565576
53183931
405604067
730623347
853852796
827445126
167721738
39441589
617014154
943317532
81586756
326927276
389951010
35983189
131438330
212694136
947683058
409649841
862538734
983429602
189906758
95275081
258030228
140397923
223387650
120085183
127764078
517343451
525501805
183228022
641464986
584402605
925403951
84235867
530722644
97073901
610202914
752585659
49055227
624580294
611002489
136601142
737948796
467778624
849290473
731161314
315344386
609404718
555525215
488374581
308725934
221122856
201468724
658089792
933995404
697528355
100577569
506703386
15576811
62427680
720749150
646540524
725898343
896605234
897101568
223452517
971822756
130359847
907461545
464448249
890997947
407023309
356234204
980392376
123655435
829870905
350774100
355788967
925585208
356791114
336630224
195967043
616640814
534178955
969521263
133329994
409461808
823887348
647222298
335181941
409458424
355739756
212657297
587768693
970881337
375559570
304823365
41219046
661943764
617747257
327656205
814509590
566971464
754446299
426281578
408058251
604223321
652432034
844786931
108514944
200332502
271696153
250410985
577357978
300670242
912747970
993998236
578768264
164166598
643353091
371728821
518509355
28
276920713
250396219
672237811
964946996
289086151
957595361
29293085
193959974
41503838
479470900
912398434
772142669
861423680
235526993
59787852
79569
789724807
860504120
1696819
972102403
524454679
462853397
499871567
6531
213877471
943995808
371427745
596372023
675881380
409319838
383911045
155385365
880886858
619456756
722002095
468047314
264455791
732842129
730399535
370190045
214838654
72872933
240061859
470886054
371829592
803114153
136703052
520719859
177944958
790837810
579286610
226343103
733172053
34392790
556358676
52030169
646718324
2141250
261896324
796873945
1017311
800300203
569576757
580629974
78013931
253554878
166489229
350041927
107638022
270045284
493601507
866352295
643570940
273109041
55361703
456332742
618089558
238688678
697001993
474692973
296869306
819469400
9723151
633491315
887901298
103640996
59606175
413872278
495266202
931343420
608334650
348424476
529079438
423109089
283316996
557405610
584264028
803076523
400682748
243161801
886617415
328647485
209736866
574320267
33372809
964790205
777302976
210896599
315807949
949876783
136329035
804630650
602952413
684660108
207584099
923298937
586041762
994379194
549480453
946462732
666026621
86865180
301709920
527288182
200256122
126475886
216577798
667314815
40728092
645607432
568271
898466354
235717678
204387276
160247999
992028165
918913702
736538918
481372509
934499185
796443519
775537974
111136808
911385790
720558552
849834521
257633518
533463544
185445013
389997719
778214657
778092278
981847803
895009963
942087590
722683747
504808849
156331097
473450548
884638750
12594463
713969460
543046605
741431296
618700767
370127903
790564392
837354331
3694530
438708504
705226769
133059129
342465276
569379870
105689614
116635186
291859737
970087099
653122598
716994095
840977850
588226814
68228542
645904979
929143157
773025126
291874438
966399627
284117161
684068902
931679391
121728344
580190401
247774392
601316700
638890362
285636159
297019720
946117279
170567064
161774589
584561912
939588911
526405410
76172014
430925627
485241024
873278144
327583990
209553670
893083520
845973027
116200022
153082232
868978616
604136716
560607155
570992484
784170846
576879654
812453315
182591948
86348468
9027313
137421160
105885792
907158144
469571600
690095480
152677918
283332651
494001254
435500112
931274474
904832047
247692102
756281905
591743290
363794863
220539201
673974493
521854812
771278430
978295456
888068466
126046799
27419734
398412562
826551218
567977919
971915667
478643909
901328286
344452047
390035755
533213970
610472714
193434228
595938916
300937972
533096247
447339334
37923852
627697169
180123231
145027479
533472369
173396003
929981058
125831170
82793137
366875063
395190397
604832655
757174617
569925701
33449851
217744514
240207706
208468409
637635777
291194502
890623079
280951364
625915679
900581211
948045946
907384481
312373694
290081781
952774523
427467426
808414263
848196549
851887652
753466496
127896719
741048146
239494467
548915587
642882420
935151152
150938082
254611542
397552898
892307438
576015714
640629650
730761242
205810569
279065140
122010502
850463995
210126930
950399508
627188518
80241760
346759370
270643975
274408462
396708719
87587507
320603910
648144613
586425843
834218969
282223225
602051490
710350538
4919523
461235113
150551816
534085271
232916185
317581437
985048263
10106191
135442046
870020212
603876834
533080581
628122734
43869723
823380513
331430887
935582083
793235439
966044403
609897787
211182450
91168469
488939538
602780467
517171249
474629690
577880870
108485703
835412057
44080753
969144189
445672973
95436899
307666912
135503504
741898709
317325083
797953461
641902635
785094434
143751953
517739675
391287568
529580525
151564854
633785006
579040878
919028208
879518363
262273870
150110800
139261762
525132445
905502314
900967652
415340177
679512790
294109997
338905283
680856152
708258863
395195694
700384717
746412612
219879949
219478387
54959337
753295548
28665024
323023218
536388398
891521790
374110672
72292575
495563309
490522995
137841692
983839707
72677068
979604934
730190267
955453180
336221922
103012005
37856207
279492053
448563732
276905330
819370020
778047315
377122812
369941678
63417379
96548816
391995305
138467172
847435294
244559377
647599480
156272300
624909791
598562860
105411415
7545032
639745673
147056435
909005425
327026047
861708162
819589728
466455863
732072878
217635412
583329377
753523229
289659085
288469898
304387835
131472987
852296019
80449724
95694844
30452341
661380967
974256566
637034026
709002737
947162542
848539446
796750067
232568297
745439319
79451999
989839641
863779518
598772128
556234261
443465521
865097588
836820031
983905767
773670072
479527682
351345424
149551120
396618181
35318167
214638265
511500833
650845288
41792352
883654584
156986739
567107199
550866195
767288245
265684761
233131754
882188314
290607337
170822877
618472242
966187717
650383218
727853719
106499202
781413533
829571055
445367630
914501038
105207622
792697270
970528380
703185102
782934270
589886446
755260436
226856578
476439403
98514707
433240402
570679217
642126090
699995617
874509664
603851326
538969546
357977114
296305194
25516573
687846167
988515718
33449748
350634176
573126582
26289
26385719
952475724
148067025
643775957
41621184
812787304
764257837
157300450
280152725
863295094
62178078
913512764
6269728
661448033
994621502
723498610
583767266
815351439
188056537
506798890
776502599
140510058
924371764
506652652
10824521
690408233
417164471
566214520
584509671
212096218
298112862
313528392
527080707
836435760
941774734
490230438
189341590
775727140
320542076
221711425
431419775
993413252
104362432
231805257
467759618
26352479
268860356
654668241
483319998
297359912
974127426
547003181
287926247
863644130
872451944
338233928
1065653
240077174
873804847
336636398
98525119
228418074
940194282
467857582
5687943
676713000
683439651
656229035
369852301
533358748
99850006
240332067
508702865
163453400
599411246
349332481
352850505
553625910
147213487
706170445
819727673
683021752
915916599
369069272
348134696
247025711
695403085
102209728
932634217
30277382
486069527
199575562
881012191
697627339
230470398
961340253
931901481
935705066
620786151
187012284
557744519
883461426
943584776
350703815
904923303
562348049
523742837
610241347
187903532
378939589
447072289
238935350
46349098
241370120
171989656
333244871
150050902
181842632
489172730
60534294
804326180
974618053
250580737
909776664
577828378
845546533
771949620
780841216
199950873
915019844
503344010
357592495
486913981
196989187
419108120
231878605
159697584
352655149
822486712
463038605
657047224
649503648
783510566
562545405
70040641
976982178
908412790
405570117
76091437
927761152
432642219
212183310
221556100
460089513
361005261
598150696
505315078
363029775
87013925
159057790
638696708
235110061
750985114
443273682
342308173
284299298
395
893709684
926656444
835543601
921795070
835286421
894334134
799326329
868845671
212409163
204919304
42686913
307939801
231512855
313463263
812468367
494471322
790386415
732972276
774031167
666069339
885513009
113977710
68753523
201751105
30944119
579995218
889957721
423533573
516680075
311723774
243778593
640022083
974440094
944533401
808617895
875373429
412169175
502750543
183360046
495862191
872989202
834811069
381804252
889940962
590638359
605700994
482481465
136433546
115185729
298199010
671906725
716825797
864064782
36429112
290463068
146668609
700734003
65885481
611885731
629957021
652996806
671793211
830709207
715394640
942472993
62140710
387919318
501876285
75051552
860389854
370854917
416541455
484252016
372400250
222314558
748883447
574526754
993668540
551223623
299769589
929612864
566700899
974954576
953751230
696600573
890729736
20642348
883787222
994680237
522262240
521252612
781489834
133322547
983401722
197431273
806460156
101653571
81092880
402204171
959035724
587214476
412343353
500711315
556788934
813563473
433490971
397870408
105200248
242891799
574995147
344150893
32335070
136725514
813372567
508598863
329011383
239586221
264922097
431506592
623452776
846186663
949803799
415557366
137906288
83989809
581047344
301319678
762093164
392241919
800916252
325527960
665039817
258314021
842079183
371517448
992053023
169302516
399417760
96729720
318767771
363492742
877625977
858200806
391359540
599061972
566030485
870888448
193598388
624037932
417367037
741090498
957525153
267095368
469417955
89124250
156051217
57536445
577242840
882320806
553273007
457
312038005
442450382
935459302
456188290
414926525
458792012
281667301
623702637
731535268
284521927
534917904
471834888
3392693
901497012
907977525
785218787
638351780
261619359
470260268
608280215
996512652
902314810
697082689
332000855
135151391
292513498
610773775
885357593
237926174
1062827
899912744
533880132
738625770
496602180
712353057
389073280
147602186
370180277
831622568
504262041
291605270
334956647
838979594
812930748
620596509
358464681
227145100
37569779
588545937
484508270
144413364
8084745
606379329
813976863
492646071
846299620
442425489
332113561
637740172
371993221
76758692
755689146
102414955
542131842
474126661
479739088
196382134
150513780
102917547
257128943
813725407
274301489
816057392
399623021
928481507
812455521
877453870
976734234
628020756
507612044
56889829
519954216
883894934
380324828
434129264
348009672
476779054
967289183
79443412
658283573
401030181
282900104
162387375
133519967
47562512
644321648
612631088
425509806
543705746
626709256
974510547
822486772
494678595
153611840
621630457
374557282
352745274
418912795
752469270
43116641
65118587
5651197
145894989
832229078
532395285
324288399
432606091
344650522
117270912
447339830
462679747
431749388
648271187
909556959
388619407
712783317
17319854
640422444
465117111
851361671
519791207
382978726
130648869
382712113
526977267
199509206
461193983
485942112
669637973
560470924
95686654
221694833
503812329
897073079
516458261
64628739
171654436
990360337
306261055
175582417
152282034
934205698
198877226
798188204
72485504
163243518
931265189
103149655
76999720
777968093
552520209
802814382
690950511
604291082
137560898
82323399
749224929
320649208
768655907
849206483
855895947
663983031
287934
182920083
167248956
51806054
432380535
204519434
190343578
194590202
70811215
529935151
606571609
357779042
477572738
680958692
593231726
680030805
500977193
405063087
977067873
761175701
976102713
52325088
66592317
874045124
249285848
844699785
195476526
69745618
143418764
395407844
545130
139353622
716016520
30262906
77070777
632194508
204752738
349881926
356540546
949357427
267287824
467359775
131008881
816303338
582453212
37068317
498881379
795671737
219575374
326568641
255499087
70855429
547104351
206659348
625542563
778677941
182301162
117680367
563518046
484919410
379435059
113992444
560991896
971577505
198905814
381256272
114582463
605311945
294895604
114121671
386341514
441358344
525720567
539896268
563322843
920809618
169345540
970689884
29041815
696724461
853724451
382077063
594514784
255389774
588362721
188219943
281183690
642457759
54561893
272050438
745371297
919336805
211992959
352393298
660963737
327467985
378510694
481946089
610515286
489975805
507466968
911776503
527991162
396503524
296452198
443739812
925657104
723826324
666081366
412810414
207399631
970875053
130269463
609010761
359635195
549593236
976211937
853382824
792508631
55873022
766668750
106220093
864001446
610267843
100747371
105502563
778114391
858309315
381571303
716624774
638471255
502056762
953455607
631697379
395351481
474884911
517861277
89201882
992718078
819197954
433647439
434659407
394348178
193041356
388397379
644915939
706038581
977053537
737211906
169033446
554408851
513888950
476840099
25746796
693335606
762008134
721929228
791239263
289123203
526578063
648000556
559929231
778086655
949028063
957154355
746758124
827700644
463376545
729994355
74164804
972959826
859607276
630761830
702637587
643781307
345527710
273953126
329612131
829243898
176879059
413617456
852799108
790432838
874210556
141810177
246893290
131871901
250718844
421437918
331690322
686767057
778419016
481164945
209981160
138363515
2825340
574930605
703398797
622670511
842707130
562120724
263440948
721763106
754920834
211021250
800558133
866202309
965870694
280603642
607414520
571068895
26967744
984083037
102799735
636820590
834802700
521526703
304266841
8577241
380622843
316400917
945639088
386325540
392453998
978696269
814580047
340952998
861743693
512645254
618034182
763709677
7027510
574646576
683641443
191272523
47739805
715507601
120366603
505138321
105110842
915952270
661949621
467055860
779718343
260765147
663333272
85773202
957931398
345288235
389478592
563453145
572906781
971424451
900463468
933356204
20576644
617873829
142180879
719297276
961755837
242036009
533201921
344335560
901509052
894408259
888174018
541496451
753565747
90843153
570921925
191756905
405829967
488984076
663815460
449145542
43339734
595183544
802102246
309509671
346271226
367248254
251894036
996775634
177828614
648712032
158287817
942179018
996921556
218600075
335504035
119549443
896402497
695583766
408762749
851511548
268154313
786425698
766363401
121188701
781115623
100099909
630693979
114061899
286938875
31017252
352321399
19137367
772187559
912843523
572398225
373016319
237149344
913297446
730216510
93327183
255719737
220280164
703990330
273992358
464585202
124876129
207519967
298786721
564621156
421703532
835617069
704719306
8966883
280889513
842516995
674893884
363941817
342000773
241547824
139311865
508621433
850120435
429526945
954352119
744961000
441024524
917834310
790302990
101445880
188973679
805825252
145370308
625381712
382675374
224586464
733870178
136714362
542943629
572368403
859380353
123023565
329811397
649514611
481066524
935599940
142625246
258414459
411368041
632575034
670185085
302274041
403288600
575829171
147648959
587422963
595089846
47401439
928102367
61864603
694111173
610296683
112645897
321290059
255013202
548803187
990357969
1948009
219983185
573751968
782094216
258607653
469092733
811639262
771308841
395202349
621132102
407400563
839191671
926536183
465911492
810501871
269688686
647018656
328867664
885300717
640039406
224613008
744573423
337129821
682070286
242420951
489732558
810721486
281287929
839132018
799561905
117651479
27359322
198705537
862141002
