1280
640
1280
800
640
800
320
320
480
480
480
320
800
480
320
800
960
480
1120
320
320
320
480
480
480
320
960
640
320
320
640
960
1440
1600
960
480
640
1280
320
15680
320
480
320
480
960
480
1120
320
320
1760
320
320
320
800
320
1440
320
640
640
480
320
320
640
1600
640
640
320
320
2080
640
640
480
320
1920
320
1280
480
800
320
320
2560
640
480
960
2400
320
480
640
320
1600
1120
320
480
320
1440
320
640
480
1120
640
5760
320
960
320
960
480
320
2080
3200
1280
1280
480
960
480
15360
480
1600
320
1120
320
320
2240
640
960
320
320
480
480
320
1440
1120
800
480
960
320
320
9920
640
640
1120
320
320
480
960
320
640
320
320
320
1120
320
1760
320
800
640
480
640
320
480
640
800
320
2240
960
480
960
800
2560
800
480
320
800
320
320
1280
480
640
800
960
960
2880
320
480
320
320
4320
960
320
1120
320
320
320
320
480
320
2080
640
640
2560
320
320
320
320
1760
480
1440
480
480
1280
640
320
640
480
800
480
320
960
480
320
1120
1600
320
320
960
480
960
640
7200
2080
640
320
640
480
320
8160
320
320
1440
640
9440
320
480
320
480
800
320
960
800
480
800
320
320
480
480
320
320
480
640
640
800
320
1120
800
480
1120
320
320
320
480
640
480
480
640
960
1920
1120
320
640
1440
320
480
1920
640
320
320
4160
320
640
320
14080
2560
5600
320
320
4000
480
480
1600
480
320
320
640
640
320
640
480
320
1600
8640
800
320
480
1760
320
800
640
320
320
320
640
1280
640
1760
1280
320
640
640
480
960
640
800
640
480
320
320
960
320
1600
1440
1280
480
640
320
320
1920
800
480
480
480
320
480
640
640
800
640
480
640
320
480
800
320
640
320
640
640
960
800
320
480
320
320
480
640
320
320
480
640
800
640
320
640
1280
320
320
480
1440
2560
640
640
640
1600
480
320
480
320
960
3040
640
2560
320
3040
800
800
320
320
640
640
320
320
320
480
15680
320
640
800
640
480
320
1120
480
640
320
800
2240
480
640
800
320
2240
320
1600
640
320
3200
960
640
480
960
480
2720
640
320
480
640
960
320
320
6720
640
320
640
320
320
480
640
2880
480
480
960
2080
320
480
960
320
480
320
320
320
320
320
1280
640
480
960
480
480
960
800
1120
320
640
1600
2720
320
320
320
800
4160
1280
320
640
640
320
320
320
3040
320
2080
640
640
480
5760
800
640
1440
320
320
320
640
320
480
1440
320
1600
480
1440
320
800
2560
640
320
2400
3040
640
3680
1440
320
480
320
1120
7520
320
640
320
480
320
320
960
2080
4480
480
320
1280
320
960
960
12000
320
1600
3360
2560
1280
480
1280
480
480
640
640
640
320
1280
640
960
1280
320
320
640
480
1440
640
640
800
480
320
320
480
320
800
1120
480
11840
960
320
3040
1920
320
320
320
320
320
320
320
480
320
320
640
640
800
320
1760
320
320
320
480
320
1280
480
1760
1280
960
480
640
960
320
1120
320
640
320
320
320
2880
640
480
320
320
2720
320
640
1760
800
320
640
2240
480
320
320
480
1120
320
320
320
1120
800
320
320
640
1120
2880
1280
480
960
1600
1280
1120
320
6560
800
320
320
800
480
320
5440
1440
960
2240
8320
480
12960
480
480
960
1120
320
1120
320
6400
640
1120
640
320
800
320
640
320
320
320
320
8480
10880
2720
320
320
2560
320
